000056
000054
000044
000025
000005
000092
000055
000023
000060
000037
000062
000048
000027
000004
000081
000077
000024
000052
000071
000001
000086
000039
000064
000096
000082
000061
000058
000047
000049
000083
000090
000070
000065
000091
000031
000097
000094
000003
000057
000074
000053
000040
000026
000016
000067
000050
000007
000006
000033
000059
000035
000017
000076
000046
000030
000034
000095
000085
000089
000063
000012
000042
000093
000069
000021
000041
000066
000015
000078
000011
000051
000098
000088
000087
000028
000009
000010
000022